VEHICLE NUMBER     CAPACITY
15   200
Cust No     Longitude     Latitude     Demand     Ready Time     Due Time     Service Time
0    113.90805053710938    22.47207260131836    0.0    12.0    24.0    0.0    
1    114.06607818603516    22.671646118164062    5.0    21.86    22.24    0.05    
2    114.11530303955078    22.588388442993164    8.0    18.3    19.25    0.08    
3    114.15028381347656    22.668371200561523    8.0    18.97    19.68    0.08    
4    113.83934783935547    22.64537239074707    14.0    13.76    14.24    0.14    
5    114.24772644042969    22.60916519165039    24.0    21.43    22.36    0.24    
6    113.96038055419922    22.57033920288086    26.0    13.56    14.23    0.26    
7    113.8048324584961    22.67642593383789    28.0    21.33    21.67    0.28    
8    113.90731048583984    22.472301483154297    11.0    19.13    19.53    0.11    
9    114.25502014160156    22.58898162841797    29.0    16.38    16.82    0.29    
10    114.12572479248047    22.584747314453125    29.0    16.62    16.93    0.29    
11    113.9627685546875    22.570148468017578    17.0    17.68    18.08    0.17    
12    114.12841796875    22.696170806884766    6.0    14.25    14.88    0.06    
13    114.03398132324219    22.691162109375    28.0    16.45    16.6    0.28    
14    114.41121673583984    22.750858306884766    29.0    16.11    16.33    0.29    
15    114.12584686279297    22.584388732910156    22.0    16.4    16.74    0.22    
16    114.15797424316406    22.696609497070312    30.0    17.44    17.85    0.3    
17    114.13955688476562    22.653657913208008    18.0    18.95    19.7    0.18    
18    113.83985900878906    22.743959426879883    13.0    14.92    15.03    0.13    
19    113.78809356689453    22.741851806640625    14.0    13.34    13.82    0.14    
20    113.89440155029297    22.67453956604004    25.0    20.58    21.4    0.25    
21    114.13011932373047    22.682058334350586    21.0    19.41    19.59    0.21    
22    113.83677673339844    22.766456604003906    10.0    13.8    14.71    0.1    
23    113.96031188964844    22.569955825805664    20.0    21.96    22.38    0.2    
24    113.84736633300781    22.777902603149414    5.0    19.78    20.11    0.05    
25    114.30043029785156    22.667932510375977    23.0    20.21    21.0    0.23    
26    114.14845275878906    22.67222023010254    29.0    20.91    21.8    0.29    
27    114.25479125976562    22.589250564575195    34.0    19.87    20.54    0.34    
28    113.87450408935547    22.769350051879883    24.0    18.01    18.9    0.24    
29    114.17394256591797    22.654661178588867    24.0    14.61    15.06    0.24    
30    114.4376449584961    22.62894630432129    19.0    16.83    17.31    0.19    
31    114.12767028808594    22.566614151000977    37.0    15.99    16.41    0.37    
32    114.13025665283203    22.682064056396484    6.0    14.11    14.93    0.06    
33    113.93806457519531    22.554689407348633    14.0    15.0    15.88    0.14    
34    114.27249908447266    22.72342872619629    37.0    16.62    17.02    0.37    
35    114.0086898803711    22.695053100585938    36.0    15.13    15.58    0.36    
36    114.06657409667969    22.71567726135254    15.0    21.02    21.84    0.15    
37    114.06578826904297    22.67263412475586    28.0    18.5    19.31    0.28    
38    114.26122283935547    22.5753173828125    16.0    19.93    20.12    0.16    
39    114.25259399414062    22.7327880859375    33.0    16.13    16.41    0.33    
40    113.9360122680664    22.622499465942383    39.0    15.67    16.08    0.39    